<!DOCTYPE html>
<!-- Generated by pkgdown: do not edit by hand --><html lang="en"><head><meta http-equiv="Content-Type" content="text/html; charset=UTF-8"><meta charset="utf-8"><meta http-equiv="X-UA-Compatible" content="IE=edge"><meta name="viewport" content="width=device-width, initial-scale=1, shrink-to-fit=no"><meta name="description" content="Calculates the observed heterozygosity for each individual in a genlight
object and filters individuals based on specified threshold values.
Use gl.report.heterozygosity to determine the appropriate thresholds."><title>Filters individuals with average heterozygosity greater than a
 specified upper threshold or less than a specified lower threshold — gl.filter.heterozygosity • dartR</title><script src="../deps/jquery-3.6.0/jquery-3.6.0.min.js"></script><meta name="viewport" content="width=device-width, initial-scale=1, shrink-to-fit=no"><link href="../deps/bootstrap-5.1.3/bootstrap.min.css" rel="stylesheet"><script src="../deps/bootstrap-5.1.3/bootstrap.bundle.min.js"></script><!-- Font Awesome icons --><link rel="stylesheet" href="https://cdnjs.cloudflare.com/ajax/libs/font-awesome/5.12.1/css/all.min.css" integrity="sha256-mmgLkCYLUQbXn0B1SRqzHar6dCnv9oZFPEC1g1cwlkk=" crossorigin="anonymous"><link rel="stylesheet" href="https://cdnjs.cloudflare.com/ajax/libs/font-awesome/5.12.1/css/v4-shims.min.css" integrity="sha256-wZjR52fzng1pJHwx4aV2AO3yyTOXrcDW7jBpJtTwVxw=" crossorigin="anonymous"><!-- bootstrap-toc --><script src="https://cdn.rawgit.com/afeld/bootstrap-toc/v1.0.1/dist/bootstrap-toc.min.js"></script><!-- headroom.js --><script src="https://cdnjs.cloudflare.com/ajax/libs/headroom/0.11.0/headroom.min.js" integrity="sha256-AsUX4SJE1+yuDu5+mAVzJbuYNPHj/WroHuZ8Ir/CkE0=" crossorigin="anonymous"></script><script src="https://cdnjs.cloudflare.com/ajax/libs/headroom/0.11.0/jQuery.headroom.min.js" integrity="sha256-ZX/yNShbjqsohH1k95liqY9Gd8uOiE1S4vZc+9KQ1K4=" crossorigin="anonymous"></script><!-- clipboard.js --><script src="https://cdnjs.cloudflare.com/ajax/libs/clipboard.js/2.0.6/clipboard.min.js" integrity="sha256-inc5kl9MA1hkeYUt+EC3BhlIgyp/2jDIyBLS6k3UxPI=" crossorigin="anonymous"></script><!-- search --><script src="https://cdnjs.cloudflare.com/ajax/libs/fuse.js/6.4.6/fuse.js" integrity="sha512-zv6Ywkjyktsohkbp9bb45V6tEMoWhzFzXis+LrMehmJZZSys19Yxf1dopHx7WzIKxr5tK2dVcYmaCk2uqdjF4A==" crossorigin="anonymous"></script><script src="https://cdnjs.cloudflare.com/ajax/libs/autocomplete.js/0.38.0/autocomplete.jquery.min.js" integrity="sha512-GU9ayf+66Xx2TmpxqJpliWbT5PiGYxpaG8rfnBEk1LL8l1KGkRShhngwdXK1UgqhAzWpZHSiYPc09/NwDQIGyg==" crossorigin="anonymous"></script><script src="https://cdnjs.cloudflare.com/ajax/libs/mark.js/8.11.1/mark.min.js" integrity="sha512-5CYOlHXGh6QpOFA/TeTylKLWfB3ftPsde7AnmhuitiTX4K5SqCLBeKro6sPS8ilsz1Q4NRx3v8Ko2IBiszzdww==" crossorigin="anonymous"></script><!-- pkgdown --><script src="../pkgdown.js"></script><meta property="og:title" content="Filters individuals with average heterozygosity greater than a
 specified upper threshold or less than a specified lower threshold — gl.filter.heterozygosity"><meta property="og:description" content="Calculates the observed heterozygosity for each individual in a genlight
object and filters individuals based on specified threshold values.
Use gl.report.heterozygosity to determine the appropriate thresholds."><!-- mathjax --><script src="https://cdnjs.cloudflare.com/ajax/libs/mathjax/2.7.5/MathJax.js" integrity="sha256-nvJJv9wWKEm88qvoQl9ekL2J+k/RWIsaSScxxlsrv8k=" crossorigin="anonymous"></script><script src="https://cdnjs.cloudflare.com/ajax/libs/mathjax/2.7.5/config/TeX-AMS-MML_HTMLorMML.js" integrity="sha256-84DKXVJXs0/F8OTMzX4UR909+jtl4G7SPypPavF+GfA=" crossorigin="anonymous"></script><!--[if lt IE 9]>
<script src="https://oss.maxcdn.com/html5shiv/3.7.3/html5shiv.min.js"></script>
<script src="https://oss.maxcdn.com/respond/1.4.2/respond.min.js"></script>
<![endif]--></head><body>
    <a href="#main" class="visually-hidden-focusable">Skip to contents</a>
    

    <nav class="navbar fixed-top navbar-dark navbar-expand-lg bg-primary"><div class="container">
    
    <a class="navbar-brand me-2" href="../index.html">dartR</a>

    <small class="nav-text text-muted me-auto" data-bs-toggle="tooltip" data-bs-placement="bottom" title="">2.1.4</small>

    
    <button class="navbar-toggler" type="button" data-bs-toggle="collapse" data-bs-target="#navbar" aria-controls="navbar" aria-expanded="false" aria-label="Toggle navigation">
      <span class="navbar-toggler-icon"></span>
    </button>

    <div id="navbar" class="collapse navbar-collapse ms-3">
      <ul class="navbar-nav me-auto"><li class="active nav-item">
  <a class="nav-link" href="../reference/index.html">Reference</a>
</li>
<li class="nav-item dropdown">
  <a href="#" class="nav-link dropdown-toggle" data-bs-toggle="dropdown" role="button" aria-expanded="false" aria-haspopup="true" id="dropdown-articles">Articles</a>
  <div class="dropdown-menu" aria-labelledby="dropdown-articles">
    <a class="dropdown-item" href="../articles/dartRTutorials.html">dartR Tutorials</a>
  </div>
</li>
      </ul><form class="form-inline my-2 my-lg-0" role="search">
        <input type="search" class="form-control me-sm-2" aria-label="Toggle navigation" name="search-input" data-search-index="../search.json" id="search-input" placeholder="Search for" autocomplete="off"></form>

      <ul class="navbar-nav"></ul></div>

    
  </div>
</nav><div class="container template-reference-topic">
<div class="row">
  <main id="main" class="col-md-9"><div class="page-header">
      <img src="" class="logo" alt=""><h1>Filters individuals with average heterozygosity greater than a
 specified upper threshold or less than a specified lower threshold</h1>
      
      <div class="d-none name"><code>gl.filter.heterozygosity.Rd</code></div>
    </div>

    <div class="ref-description section level2">
    <p>Calculates the observed heterozygosity for each individual in a genlight
object and filters individuals based on specified threshold values.
Use gl.report.heterozygosity to determine the appropriate thresholds.</p>
    </div>

    <div class="section level2">
    <h2 id="ref-usage">Usage<a class="anchor" aria-label="anchor" href="#ref-usage"></a></h2>
    <div class="sourceCode"><pre class="sourceCode r"><code><span><span class="fu">gl.filter.heterozygosity</span><span class="op">(</span><span class="va">x</span>, t.upper <span class="op">=</span> <span class="fl">0.7</span>, t.lower <span class="op">=</span> <span class="fl">0</span>, verbose <span class="op">=</span> <span class="cn">NULL</span><span class="op">)</span></span></code></pre></div>
    </div>

    <div class="section level2">
    <h2 id="arguments">Arguments<a class="anchor" aria-label="anchor" href="#arguments"></a></h2>
    <dl><dt>x</dt>
<dd><p>A genlight object containing the SNP genotypes [required].</p></dd>


<dt>t.upper</dt>
<dd><p>Filter individuals &gt; the threshold [default 0.7].</p></dd>


<dt>t.lower</dt>
<dd><p>Filter individuals &lt; the threshold [default 0].</p></dd>


<dt>verbose</dt>
<dd><p>Verbosity: 0, silent or fatal errors; 1, begin and end; 2,
progress log; 3, progress and results summary; 5, full report
[default 2, unless specified using gl.set.verbosity].</p></dd>

</dl></div>
    <div class="section level2">
    <h2 id="value">Value<a class="anchor" aria-label="anchor" href="#value"></a></h2>
    

<p>The filtered genlight object.</p>
    </div>
    <div class="section level2">
    <h2 id="see-also">See also<a class="anchor" aria-label="anchor" href="#see-also"></a></h2>
    <div class="dont-index"><p>Other filter functions: 
<code><a href="gl.filter.allna.html">gl.filter.allna</a>()</code>,
<code><a href="gl.filter.callrate.html">gl.filter.callrate</a>()</code>,
<code><a href="gl.filter.hwe.html">gl.filter.hwe</a>()</code>,
<code><a href="gl.filter.ld.html">gl.filter.ld</a>()</code>,
<code><a href="gl.filter.locmetric.html">gl.filter.locmetric</a>()</code>,
<code><a href="gl.filter.maf.html">gl.filter.maf</a>()</code>,
<code><a href="gl.filter.monomorphs.html">gl.filter.monomorphs</a>()</code>,
<code><a href="gl.filter.overshoot.html">gl.filter.overshoot</a>()</code>,
<code><a href="gl.filter.parent.offspring.html">gl.filter.parent.offspring</a>()</code>,
<code><a href="gl.filter.pa.html">gl.filter.pa</a>()</code>,
<code><a href="gl.filter.rdepth.html">gl.filter.rdepth</a>()</code>,
<code><a href="gl.filter.reproducibility.html">gl.filter.reproducibility</a>()</code>,
<code><a href="gl.filter.secondaries.html">gl.filter.secondaries</a>()</code>,
<code><a href="gl.filter.sexlinked.html">gl.filter.sexlinked</a>()</code>,
<code><a href="gl.filter.taglength.html">gl.filter.taglength</a>()</code></p></div>
    </div>
    <div class="section level2">
    <h2 id="author">Author<a class="anchor" aria-label="anchor" href="#author"></a></h2>
    <p>Custodian: Luis Mijangos -- Post to
<a href="https://groups.google.com/d/forum/dartr" class="external-link">https://groups.google.com/d/forum/dartr</a></p>
    </div>

    <div class="section level2">
    <h2 id="ref-examples">Examples<a class="anchor" aria-label="anchor" href="#ref-examples"></a></h2>
    <div class="sourceCode"><pre class="sourceCode r"><code><span class="r-in"><span> <span class="va">result</span> <span class="op">&lt;-</span> <span class="fu">gl.filter.heterozygosity</span><span class="op">(</span><span class="va">testset.gl</span>,t.upper<span class="op">=</span><span class="fl">0.06</span>,verbose<span class="op">=</span><span class="fl">3</span><span class="op">)</span></span></span>
<span class="r-out co"><span class="r-pr">#&gt;</span> <span style="color: #00BB00;">Starting gl.filter.heterozygosity </span></span>
<span class="r-out co"><span class="r-pr">#&gt;</span> <span style="color: #00BB00;">  Processing genlight object with SNP data</span></span>
<span class="r-out co"><span class="r-pr">#&gt;</span> <span style="color: #BBBB00;">  Warning: genlight object contains monomorphic loci which will</span></span>
<span class="r-out co"><span class="r-pr">#&gt;</span> <span style="color: #BBBB00;">                be factored into heterozygosity estimates</span></span>
<span class="r-out co"><span class="r-pr">#&gt;</span> <span style="color: #00BB00;">  Retaining individuals with heterozygosity in the range 0 to 0.06 </span></span>
<span class="r-out co"><span class="r-pr">#&gt;</span>   Minimum individual heterozygosity 0 </span>
<span class="r-out co"><span class="r-pr">#&gt;</span>   Maximum individual heterozygosity 0.0866 </span>
<span class="r-out co"><span class="r-pr">#&gt;</span>   Initial number of individuals: 250 </span>
<span class="r-out co"><span class="r-pr">#&gt;</span>   Number of outlier individuals (heterozygosity  &gt; 0.06 ): 1 </span>
<span class="r-out co"><span class="r-pr">#&gt;</span>     Deleted: AA019157[EmmacRussEube],<span style="color: #00BB00;">  Number of individuals retained: 249 </span></span>
<span class="r-out co"><span class="r-pr">#&gt;</span> <span style="color: #00BB00;">Completed: gl.filter.heterozygosity </span></span>
<span class="r-out co"><span class="r-pr">#&gt;</span> </span>
<span class="r-in"><span> <span class="va">tmp</span> <span class="op">&lt;-</span> <span class="fu"><a href="gl.report.heterozygosity.html">gl.report.heterozygosity</a></span><span class="op">(</span><span class="va">result</span>,method<span class="op">=</span><span class="st">'ind'</span><span class="op">)</span></span></span>
<span class="r-out co"><span class="r-pr">#&gt;</span> <span style="color: #00BB00;">Starting gl.report.heterozygosity </span></span>
<span class="r-out co"><span class="r-pr">#&gt;</span> <span style="color: #00BB00;">  Processing genlight object with SNP data</span></span>
<span class="r-out co"><span class="r-pr">#&gt;</span> <span style="color: #00BB00;">  Calculating observed heterozygosity for individuals</span></span>
<span class="r-out co"><span class="r-pr">#&gt;</span> <span style="color: #00BB00;">  Note: No adjustment for invariant loci (n.invariant set to 0)</span></span>
<span class="r-out co"><span class="r-pr">#&gt;</span> </span>
<span class="r-plt img"><img src="gl.filter.heterozygosity-1.png" alt="" width="700" height="433"></span>
<span class="r-out co"><span class="r-pr">#&gt;</span>   ind.name          Ho f.hom.ref f.hom.alt</span>
<span class="r-out co"><span class="r-pr">#&gt;</span>   AA010915 0.009174312 0.6880734 0.3027523</span>
<span class="r-out co"><span class="r-pr">#&gt;</span>   UC_00126 0.008695652 0.6608696 0.3304348</span>
<span class="r-out co"><span class="r-pr">#&gt;</span>   AA032760 0.004926108 0.6699507 0.3251232</span>
<span class="r-out co"><span class="r-pr">#&gt;</span>   AA013214 0.000000000 0.6525424 0.3474576</span>
<span class="r-out co"><span class="r-pr">#&gt;</span>   AA011723 0.009049774 0.6651584 0.3257919</span>
<span class="r-out co"><span class="r-pr">#&gt;</span>   AA012411 0.000000000 0.6682028 0.3317972</span>
<span class="r-out co"><span class="r-pr">#&gt;</span>   AA019237 0.004504505 0.6801802 0.3153153</span>
<span class="r-out co"><span class="r-pr">#&gt;</span>   AA019238 0.008849558 0.6769912 0.3141593</span>
<span class="r-out co"><span class="r-pr">#&gt;</span>   AA019239 0.009132420 0.6712329 0.3196347</span>
<span class="r-out co"><span class="r-pr">#&gt;</span>   AA019235 0.000000000 0.6801802 0.3198198</span>
<span class="r-out co"><span class="r-pr">#&gt;</span>   AA019240 0.000000000 0.6740088 0.3259912</span>
<span class="r-out co"><span class="r-pr">#&gt;</span>   AA019241 0.008810573 0.6607930 0.3303965</span>
<span class="r-out co"><span class="r-pr">#&gt;</span>   AA019242 0.000000000 0.6724138 0.3275862</span>
<span class="r-out co"><span class="r-pr">#&gt;</span>   AA019243 0.004385965 0.6710526 0.3245614</span>
<span class="r-out co"><span class="r-pr">#&gt;</span>   AA019251 0.008968610 0.6591928 0.3318386</span>
<span class="r-out co"><span class="r-pr">#&gt;</span>   AA019252 0.004545455 0.6727273 0.3227273</span>
<span class="r-out co"><span class="r-pr">#&gt;</span>   AA012405 0.004524887 0.6606335 0.3348416</span>
<span class="r-out co"><span class="r-pr">#&gt;</span>   AA012406 0.004504505 0.6531532 0.3423423</span>
<span class="r-out co"><span class="r-pr">#&gt;</span>   AA012409 0.000000000 0.6607930 0.3392070</span>
<span class="r-out co"><span class="r-pr">#&gt;</span>   AA012499 0.004484305 0.6681614 0.3273543</span>
<span class="r-out co"><span class="r-pr">#&gt;</span>   AA012422 0.004566210 0.6712329 0.3242009</span>
<span class="r-out co"><span class="r-pr">#&gt;</span>   AA012434 0.008928571 0.6607143 0.3303571</span>
<span class="r-out co"><span class="r-pr">#&gt;</span>   AA012469 0.009009009 0.6486486 0.3423423</span>
<span class="r-out co"><span class="r-pr">#&gt;</span>   AA012500 0.004524887 0.6651584 0.3303167</span>
<span class="r-out co"><span class="r-pr">#&gt;</span>   AA032799 0.004329004 0.6580087 0.3376623</span>
<span class="r-out co"><span class="r-pr">#&gt;</span>   AA032826 0.000000000 0.6830357 0.3169643</span>
<span class="r-out co"><span class="r-pr">#&gt;</span>   AA010795 0.004629630 0.6898148 0.3055556</span>
<span class="r-out co"><span class="r-pr">#&gt;</span>   AA010796 0.008620690 0.6551724 0.3362069</span>
<span class="r-out co"><span class="r-pr">#&gt;</span>   AA032800 0.008810573 0.6651982 0.3259912</span>
<span class="r-out co"><span class="r-pr">#&gt;</span>   AA032801 0.008733624 0.6637555 0.3275109</span>
<span class="r-out co"><span class="r-pr">#&gt;</span>   AA032808 0.000000000 0.6846847 0.3153153</span>
<span class="r-out co"><span class="r-pr">#&gt;</span>   AA032809 0.004405286 0.6784141 0.3171806</span>
<span class="r-out co"><span class="r-pr">#&gt;</span>   AA032811 0.004484305 0.6681614 0.3273543</span>
<span class="r-out co"><span class="r-pr">#&gt;</span>   AA032812 0.000000000 0.6801802 0.3198198</span>
<span class="r-out co"><span class="r-pr">#&gt;</span>   AA032822 0.004424779 0.6681416 0.3274336</span>
<span class="r-out co"><span class="r-pr">#&gt;</span>   AA032825 0.004405286 0.6607930 0.3348018</span>
<span class="r-out co"><span class="r-pr">#&gt;</span>   AA010797 0.008888889 0.6755556 0.3155556</span>
<span class="r-out co"><span class="r-pr">#&gt;</span>   AA010752 0.004424779 0.6769912 0.3185841</span>
<span class="r-out co"><span class="r-pr">#&gt;</span>   AA010754 0.004405286 0.6740088 0.3215859</span>
<span class="r-out co"><span class="r-pr">#&gt;</span>   AA010756 0.009132420 0.6757991 0.3150685</span>
<span class="r-out co"><span class="r-pr">#&gt;</span>   AA010798 0.004444444 0.6755556 0.3200000</span>
<span class="r-out co"><span class="r-pr">#&gt;</span>   AA010799 0.004310345 0.6465517 0.3491379</span>
<span class="r-out co"><span class="r-pr">#&gt;</span>   AA010800 0.004424779 0.6858407 0.3097345</span>
<span class="r-out co"><span class="r-pr">#&gt;</span>   AA010802 0.004405286 0.6651982 0.3303965</span>
<span class="r-out co"><span class="r-pr">#&gt;</span>   AA010803 0.004424779 0.6769912 0.3185841</span>
<span class="r-out co"><span class="r-pr">#&gt;</span>   AA010804 0.004651163 0.6837209 0.3116279</span>
<span class="r-out co"><span class="r-pr">#&gt;</span>   AA010809 0.004424779 0.6637168 0.3318584</span>
<span class="r-out co"><span class="r-pr">#&gt;</span>   AA010749 0.004385965 0.6622807 0.3333333</span>
<span class="r-out co"><span class="r-pr">#&gt;</span>   AA010758 0.004255319 0.6553191 0.3404255</span>
<span class="r-out co"><span class="r-pr">#&gt;</span>   AA010763 0.004385965 0.6622807 0.3333333</span>
<span class="r-out co"><span class="r-pr">#&gt;</span>   AA010765 0.008583691 0.6609442 0.3304721</span>
<span class="r-out co"><span class="r-pr">#&gt;</span>   AA010771 0.004484305 0.6681614 0.3273543</span>
<span class="r-out co"><span class="r-pr">#&gt;</span>   AA010772 0.004524887 0.6787330 0.3167421</span>
<span class="r-out co"><span class="r-pr">#&gt;</span>   AA010781 0.008928571 0.6696429 0.3214286</span>
<span class="r-out co"><span class="r-pr">#&gt;</span>   AA032762 0.004424779 0.6681416 0.3274336</span>
<span class="r-out co"><span class="r-pr">#&gt;</span>   AA032763 0.004484305 0.6771300 0.3183857</span>
<span class="r-out co"><span class="r-pr">#&gt;</span>   AA032756 0.013274336 0.6592920 0.3274336</span>
<span class="r-out co"><span class="r-pr">#&gt;</span>   AA032757 0.004524887 0.6923077 0.3031674</span>
<span class="r-out co"><span class="r-pr">#&gt;</span>   AA032758 0.008928571 0.6651786 0.3258929</span>
<span class="r-out co"><span class="r-pr">#&gt;</span>   AA032761 0.000000000 0.6772727 0.3227273</span>
<span class="r-out co"><span class="r-pr">#&gt;</span>   AA032765 0.004366812 0.6681223 0.3275109</span>
<span class="r-out co"><span class="r-pr">#&gt;</span>   AA010931 0.004405286 0.6740088 0.3215859</span>
<span class="r-out co"><span class="r-pr">#&gt;</span>   AA010937 0.004385965 0.6622807 0.3333333</span>
<span class="r-out co"><span class="r-pr">#&gt;</span>   AA010940 0.000000000 0.6637168 0.3362832</span>
<span class="r-out co"><span class="r-pr">#&gt;</span>   AA032764 0.008403361 0.6470588 0.3445378</span>
<span class="r-out co"><span class="r-pr">#&gt;</span>   AA032768 0.008810573 0.6607930 0.3303965</span>
<span class="r-out co"><span class="r-pr">#&gt;</span>   AA010936 0.000000000 0.6846847 0.3153153</span>
<span class="r-out co"><span class="r-pr">#&gt;</span>   AA010909 0.008928571 0.6741071 0.3169643</span>
<span class="r-out co"><span class="r-pr">#&gt;</span>   AA010916 0.000000000 0.6787330 0.3212670</span>
<span class="r-out co"><span class="r-pr">#&gt;</span>   AA010917 0.004484305 0.6771300 0.3183857</span>
<span class="r-out co"><span class="r-pr">#&gt;</span>   AA010920 0.004385965 0.6710526 0.3245614</span>
<span class="r-out co"><span class="r-pr">#&gt;</span>   AA010921 0.004524887 0.6651584 0.3303167</span>
<span class="r-out co"><span class="r-pr">#&gt;</span>   AA020651 0.004385965 0.6710526 0.3245614</span>
<span class="r-out co"><span class="r-pr">#&gt;</span>   AA020652 0.004484305 0.6636771 0.3318386</span>
<span class="r-out co"><span class="r-pr">#&gt;</span>   AA020667 0.000000000 0.6637931 0.3362069</span>
<span class="r-out co"><span class="r-pr">#&gt;</span>   AA020669 0.000000000 0.6666667 0.3333333</span>
<span class="r-out co"><span class="r-pr">#&gt;</span>   AA020655 0.004385965 0.6666667 0.3289474</span>
<span class="r-out co"><span class="r-pr">#&gt;</span>   AA020656 0.009009009 0.6846847 0.3063063</span>
<span class="r-out co"><span class="r-pr">#&gt;</span>   AA020644 0.008810573 0.6740088 0.3171806</span>
<span class="r-out co"><span class="r-pr">#&gt;</span>   AA020645 0.000000000 0.6651982 0.3348018</span>
<span class="r-out co"><span class="r-pr">#&gt;</span>   AA020646 0.004366812 0.6593886 0.3362445</span>
<span class="r-out co"><span class="r-pr">#&gt;</span>   AA020649 0.004484305 0.6771300 0.3183857</span>
<span class="r-out co"><span class="r-pr">#&gt;</span>   AA013203 0.009049774 0.6696833 0.3212670</span>
<span class="r-out co"><span class="r-pr">#&gt;</span>   AA013217 0.004464286 0.6741071 0.3214286</span>
<span class="r-out co"><span class="r-pr">#&gt;</span>   AA013220 0.000000000 0.6637555 0.3362445</span>
<span class="r-out co"><span class="r-pr">#&gt;</span>   AA013202 0.008888889 0.6755556 0.3155556</span>
<span class="r-out co"><span class="r-pr">#&gt;</span>   AA013225 0.004347826 0.6782609 0.3173913</span>
<span class="r-out co"><span class="r-pr">#&gt;</span>   AA018496 0.008888889 0.6800000 0.3111111</span>
<span class="r-out co"><span class="r-pr">#&gt;</span>   AA018497 0.013452915 0.6816143 0.3049327</span>
<span class="r-out co"><span class="r-pr">#&gt;</span>   AA018513 0.013636364 0.6590909 0.3272727</span>
<span class="r-out co"><span class="r-pr">#&gt;</span>   AA013231 0.000000000 0.6681223 0.3318777</span>
<span class="r-out co"><span class="r-pr">#&gt;</span>   AA013261 0.004385965 0.6578947 0.3377193</span>
<span class="r-out co"><span class="r-pr">#&gt;</span>   AA013265 0.000000000 0.6724138 0.3275862</span>
<span class="r-out co"><span class="r-pr">#&gt;</span>   AA013270 0.004566210 0.6849315 0.3105023</span>
<span class="r-out co"><span class="r-pr">#&gt;</span>   AA018492 0.008888889 0.6711111 0.3200000</span>
<span class="r-out co"><span class="r-pr">#&gt;</span>   AA018493 0.013574661 0.6742081 0.3122172</span>
<span class="r-out co"><span class="r-pr">#&gt;</span>   AA018494 0.004761905 0.6809524 0.3142857</span>
<span class="r-out co"><span class="r-pr">#&gt;</span>   AA018495 0.004524887 0.6787330 0.3167421</span>
<span class="r-out co"><span class="r-pr">#&gt;</span>   AA018514 0.008658009 0.6580087 0.3333333</span>
<span class="r-out co"><span class="r-pr">#&gt;</span>   AA018515 0.008620690 0.6637931 0.3275862</span>
<span class="r-out co"><span class="r-pr">#&gt;</span>   AA018516 0.008888889 0.6711111 0.3200000</span>
<span class="r-out co"><span class="r-pr">#&gt;</span>   UC_00125 0.000000000 0.6863636 0.3136364</span>
<span class="r-out co"><span class="r-pr">#&gt;</span>  UC_00126a 0.009132420 0.6712329 0.3196347</span>
<span class="r-out co"><span class="r-pr">#&gt;</span>   UC_00146 0.000000000 0.6976744 0.3023256</span>
<span class="r-out co"><span class="r-pr">#&gt;</span>   UC_00149 0.004464286 0.6696429 0.3258929</span>
<span class="r-out co"><span class="r-pr">#&gt;</span>   AA018640 0.017777778 0.6622222 0.3200000</span>
<span class="r-out co"><span class="r-pr">#&gt;</span>   AA018658 0.000000000 0.6757991 0.3242009</span>
<span class="r-out co"><span class="r-pr">#&gt;</span>   AA011729 0.018181818 0.6727273 0.3090909</span>
<span class="r-out co"><span class="r-pr">#&gt;</span>   UC_00132 0.000000000 0.6636364 0.3363636</span>
<span class="r-out co"><span class="r-pr">#&gt;</span>   UC_00137 0.008547009 0.6581197 0.3333333</span>
<span class="r-out co"><span class="r-pr">#&gt;</span>   UC_00143 0.004587156 0.6743119 0.3211009</span>
<span class="r-out co"><span class="r-pr">#&gt;</span>   UC_00157 0.004464286 0.6651786 0.3303571</span>
<span class="r-out co"><span class="r-pr">#&gt;</span>   UC_00161 0.004504505 0.6801802 0.3153153</span>
<span class="r-out co"><span class="r-pr">#&gt;</span>   AA018637 0.004672897 0.6869159 0.3084112</span>
<span class="r-out co"><span class="r-pr">#&gt;</span>   AA018638 0.000000000 0.6863636 0.3136364</span>
<span class="r-out co"><span class="r-pr">#&gt;</span>   AA018639 0.000000000 0.6697248 0.3302752</span>
<span class="r-out co"><span class="r-pr">#&gt;</span>   AA011731 0.008474576 0.6483051 0.3432203</span>
<span class="r-out co"><span class="r-pr">#&gt;</span>   AA033576 0.008771930 0.6622807 0.3289474</span>
<span class="r-out co"><span class="r-pr">#&gt;</span>   AA033577 0.008888889 0.6711111 0.3200000</span>
<span class="r-out co"><span class="r-pr">#&gt;</span>   AA011732 0.013157895 0.6622807 0.3245614</span>
<span class="r-out co"><span class="r-pr">#&gt;</span>   AA011737 0.030434783 0.6478261 0.3217391</span>
<span class="r-out co"><span class="r-pr">#&gt;</span>   AA011741 0.013157895 0.6535088 0.3333333</span>
<span class="r-out co"><span class="r-pr">#&gt;</span>   AA011744 0.000000000 0.6784141 0.3215859</span>
<span class="r-out co"><span class="r-pr">#&gt;</span>   AA011745 0.013392857 0.6651786 0.3214286</span>
<span class="r-out co"><span class="r-pr">#&gt;</span>   AA011746 0.017699115 0.6637168 0.3185841</span>
<span class="r-out co"><span class="r-pr">#&gt;</span>   AA011749 0.013274336 0.6504425 0.3362832</span>
<span class="r-out co"><span class="r-pr">#&gt;</span>   AA033575 0.004464286 0.6741071 0.3214286</span>
<span class="r-out co"><span class="r-pr">#&gt;</span>   AA033578 0.004347826 0.6608696 0.3347826</span>
<span class="r-out co"><span class="r-pr">#&gt;</span>  AA012411a 0.000000000 0.6726457 0.3273543</span>
<span class="r-out co"><span class="r-pr">#&gt;</span>   AA033579 0.004484305 0.6547085 0.3408072</span>
<span class="r-out co"><span class="r-pr">#&gt;</span>   AA033582 0.008888889 0.6622222 0.3288889</span>
<span class="r-out co"><span class="r-pr">#&gt;</span>   AA033593 0.004504505 0.6756757 0.3198198</span>
<span class="r-out co"><span class="r-pr">#&gt;</span>   AA033602 0.000000000 0.6623377 0.3376623</span>
<span class="r-out co"><span class="r-pr">#&gt;</span>   AA033609 0.004444444 0.6666667 0.3288889</span>
<span class="r-out co"><span class="r-pr">#&gt;</span>   AA033617 0.009049774 0.6696833 0.3212670</span>
<span class="r-out co"><span class="r-pr">#&gt;</span>  AA010915a 0.004524887 0.6832579 0.3122172</span>
<span class="r-out co"><span class="r-pr">#&gt;</span>  AA011723a 0.009132420 0.6757991 0.3150685</span>
<span class="r-out co"><span class="r-pr">#&gt;</span>   AA019158 0.000000000 0.6801802 0.3198198</span>
<span class="r-out co"><span class="r-pr">#&gt;</span>   AA020379 0.004524887 0.6696833 0.3257919</span>
<span class="r-out co"><span class="r-pr">#&gt;</span>   UC_01044 0.000000000 0.6785714 0.3214286</span>
<span class="r-out co"><span class="r-pr">#&gt;</span>   AA018380 0.008733624 0.6593886 0.3318777</span>
<span class="r-out co"><span class="r-pr">#&gt;</span>   AA018371 0.004366812 0.6550218 0.3406114</span>
<span class="r-out co"><span class="r-pr">#&gt;</span>   AA004553 0.008810573 0.6651982 0.3259912</span>
<span class="r-out co"><span class="r-pr">#&gt;</span>   AA000328 0.004484305 0.6681614 0.3273543</span>
<span class="r-out co"><span class="r-pr">#&gt;</span>   AA000311 0.004566210 0.6621005 0.3333333</span>
<span class="r-out co"><span class="r-pr">#&gt;</span>   AA019159 0.000000000 0.6901408 0.3098592</span>
<span class="r-out co"><span class="r-pr">#&gt;</span>   AA020378 0.009049774 0.6651584 0.3257919</span>
<span class="r-out co"><span class="r-pr">#&gt;</span>   UC_01060 0.004484305 0.6726457 0.3228700</span>
<span class="r-out co"><span class="r-pr">#&gt;</span>   AA018379 0.009216590 0.6820276 0.3087558</span>
<span class="r-out co"><span class="r-pr">#&gt;</span>   AA018365 0.004464286 0.6785714 0.3169643</span>
<span class="r-out co"><span class="r-pr">#&gt;</span>   AA004554 0.022026432 0.6519824 0.3259912</span>
<span class="r-out co"><span class="r-pr">#&gt;</span>   AA000303 0.004385965 0.6666667 0.3289474</span>
<span class="r-out co"><span class="r-pr">#&gt;</span>   AA000320 0.009090909 0.6636364 0.3272727</span>
<span class="r-out co"><span class="r-pr">#&gt;</span>   AA019160 0.004587156 0.6743119 0.3211009</span>
<span class="r-out co"><span class="r-pr">#&gt;</span>   AA020377 0.008849558 0.6681416 0.3230088</span>
<span class="r-out co"><span class="r-pr">#&gt;</span>   UC_01053 0.000000000 0.6637555 0.3362445</span>
<span class="r-out co"><span class="r-pr">#&gt;</span>   AA018375 0.009090909 0.6545455 0.3363636</span>
<span class="r-out co"><span class="r-pr">#&gt;</span>   AA004555 0.017777778 0.6533333 0.3288889</span>
<span class="r-out co"><span class="r-pr">#&gt;</span>   AA000304 0.004484305 0.6681614 0.3273543</span>
<span class="r-out co"><span class="r-pr">#&gt;</span>   AA019165 0.004629630 0.6759259 0.3194444</span>
<span class="r-out co"><span class="r-pr">#&gt;</span>   AA019161 0.000000000 0.6772727 0.3227273</span>
<span class="r-out co"><span class="r-pr">#&gt;</span>   AA020376 0.008968610 0.6771300 0.3139013</span>
<span class="r-out co"><span class="r-pr">#&gt;</span>   UC_01062 0.004385965 0.6622807 0.3333333</span>
<span class="r-out co"><span class="r-pr">#&gt;</span>   AA018374 0.013574661 0.6651584 0.3212670</span>
<span class="r-out co"><span class="r-pr">#&gt;</span>    AA04523 0.026666667 0.6577778 0.3155556</span>
<span class="r-out co"><span class="r-pr">#&gt;</span>   AA000305 0.004484305 0.6726457 0.3228700</span>
<span class="r-out co"><span class="r-pr">#&gt;</span>   AA019164 0.000000000 0.6729858 0.3270142</span>
<span class="r-out co"><span class="r-pr">#&gt;</span>   AA020375 0.004566210 0.6666667 0.3287671</span>
<span class="r-out co"><span class="r-pr">#&gt;</span>   AA018373 0.018099548 0.6515837 0.3303167</span>
<span class="r-out co"><span class="r-pr">#&gt;</span>   AA032875 0.021834061 0.6550218 0.3231441</span>
<span class="r-out co"><span class="r-pr">#&gt;</span>   AA000309 0.000000000 0.6500000 0.3500000</span>
<span class="r-out co"><span class="r-pr">#&gt;</span>   AA019163 0.004504505 0.6756757 0.3198198</span>
<span class="r-out co"><span class="r-pr">#&gt;</span>   AA020374 0.008888889 0.6400000 0.3511111</span>
<span class="r-out co"><span class="r-pr">#&gt;</span>   AA018368 0.008849558 0.6592920 0.3318584</span>
<span class="r-out co"><span class="r-pr">#&gt;</span>   AA032878 0.013333333 0.6622222 0.3244444</span>
<span class="r-out co"><span class="r-pr">#&gt;</span>   AA000302 0.013636364 0.6681818 0.3181818</span>
<span class="r-out co"><span class="r-pr">#&gt;</span>   AA019162 0.004504505 0.6666667 0.3288288</span>
<span class="r-out co"><span class="r-pr">#&gt;</span>   AA020365 0.000000000 0.6621622 0.3378378</span>
<span class="r-out co"><span class="r-pr">#&gt;</span>   UC_00150 0.008695652 0.6652174 0.3260870</span>
<span class="r-out co"><span class="r-pr">#&gt;</span>   AA018369 0.022222222 0.6577778 0.3200000</span>
<span class="r-out co"><span class="r-pr">#&gt;</span>   AA004551 0.009049774 0.6606335 0.3303167</span>
<span class="r-out co"><span class="r-pr">#&gt;</span>   AA032880 0.026315789 0.6578947 0.3157895</span>
<span class="r-out co"><span class="r-pr">#&gt;</span>   AA000307 0.009009009 0.6666667 0.3243243</span>
<span class="r-out co"><span class="r-pr">#&gt;</span>   AA019156 0.004524887 0.6696833 0.3257919</span>
<span class="r-out co"><span class="r-pr">#&gt;</span>   AA020371 0.004424779 0.6548673 0.3407080</span>
<span class="r-out co"><span class="r-pr">#&gt;</span>   UC_01051 0.004385965 0.6710526 0.3245614</span>
<span class="r-out co"><span class="r-pr">#&gt;</span>   AA018370 0.004444444 0.6577778 0.3377778</span>
<span class="r-out co"><span class="r-pr">#&gt;</span>   AA004552 0.021929825 0.6491228 0.3289474</span>
<span class="r-out co"><span class="r-pr">#&gt;</span>   AA032882 0.004444444 0.6800000 0.3155556</span>
<span class="r-out co"><span class="r-pr">#&gt;</span>   AA000310 0.013513514 0.6621622 0.3243243</span>
<span class="r-out co"><span class="r-pr">#&gt;</span>   AA019075 0.004347826 0.6565217 0.3391304</span>
<span class="r-out co"><span class="r-pr">#&gt;</span>   AA004864 0.008733624 0.6550218 0.3362445</span>
<span class="r-out co"><span class="r-pr">#&gt;</span>   AA019071 0.008583691 0.6652361 0.3261803</span>
<span class="r-out co"><span class="r-pr">#&gt;</span>   AA004868 0.000000000 0.6580087 0.3419913</span>
<span class="r-out co"><span class="r-pr">#&gt;</span>   AA019083 0.000000000 0.6725664 0.3274336</span>
<span class="r-out co"><span class="r-pr">#&gt;</span>   AA019072 0.008810573 0.6607930 0.3303965</span>
<span class="r-out co"><span class="r-pr">#&gt;</span>   AA004858 0.008733624 0.6593886 0.3318777</span>
<span class="r-out co"><span class="r-pr">#&gt;</span>   AA004869 0.017391304 0.6521739 0.3304348</span>
<span class="r-out co"><span class="r-pr">#&gt;</span>   AA019082 0.013100437 0.6462882 0.3406114</span>
<span class="r-out co"><span class="r-pr">#&gt;</span>   AA019073 0.000000000 0.6531532 0.3468468</span>
<span class="r-out co"><span class="r-pr">#&gt;</span>   AA004859 0.013100437 0.6550218 0.3318777</span>
<span class="r-out co"><span class="r-pr">#&gt;</span>   AA004866 0.004444444 0.6844444 0.3111111</span>
<span class="r-out co"><span class="r-pr">#&gt;</span>   AA019077 0.008888889 0.6755556 0.3155556</span>
<span class="r-out co"><span class="r-pr">#&gt;</span>   AA004860 0.008695652 0.6652174 0.3260870</span>
<span class="r-out co"><span class="r-pr">#&gt;</span>   AA019080 0.000000000 0.6710526 0.3289474</span>
<span class="r-out co"><span class="r-pr">#&gt;</span>   AA004861 0.000000000 0.6666667 0.3333333</span>
<span class="r-out co"><span class="r-pr">#&gt;</span>   AA019079 0.004347826 0.6695652 0.3260870</span>
<span class="r-out co"><span class="r-pr">#&gt;</span>   AA004862 0.012987013 0.6580087 0.3290043</span>
<span class="r-out co"><span class="r-pr">#&gt;</span>   AA019078 0.004405286 0.6696035 0.3259912</span>
<span class="r-out co"><span class="r-pr">#&gt;</span>   AA004863 0.013100437 0.6637555 0.3231441</span>
<span class="r-out co"><span class="r-pr">#&gt;</span>   UC_00267 0.013824885 0.6405530 0.3456221</span>
<span class="r-out co"><span class="r-pr">#&gt;</span>   UC_00205 0.036529680 0.6301370 0.3333333</span>
<span class="r-out co"><span class="r-pr">#&gt;</span>   UC_00206 0.033333333 0.6523810 0.3142857</span>
<span class="r-out co"><span class="r-pr">#&gt;</span>   UC_00208 0.018691589 0.6401869 0.3411215</span>
<span class="r-out co"><span class="r-pr">#&gt;</span>   UC_00243 0.018604651 0.6279070 0.3534884</span>
<span class="r-out co"><span class="r-pr">#&gt;</span>   UC_00209 0.009433962 0.6650943 0.3254717</span>
<span class="r-out co"><span class="r-pr">#&gt;</span>   UC_00254 0.014150943 0.6367925 0.3490566</span>
<span class="r-out co"><span class="r-pr">#&gt;</span>   UC_00210 0.023923445 0.6459330 0.3301435</span>
<span class="r-out co"><span class="r-pr">#&gt;</span>   UC_00259 0.014354067 0.6507177 0.3349282</span>
<span class="r-out co"><span class="r-pr">#&gt;</span>  UC_00126c 0.009389671 0.6384977 0.3521127</span>
<span class="r-out co"><span class="r-pr">#&gt;</span>   AA063718 0.015151515 0.6919192 0.2929293</span>
<span class="r-out co"><span class="r-pr">#&gt;</span>   AA063720 0.010204082 0.7142857 0.2755102</span>
<span class="r-out co"><span class="r-pr">#&gt;</span>   AA063722 0.005235602 0.6963351 0.2984293</span>
<span class="r-out co"><span class="r-pr">#&gt;</span>   AA063726 0.020942408 0.6910995 0.2879581</span>
<span class="r-out co"><span class="r-pr">#&gt;</span>   AA063732 0.010256410 0.6923077 0.2974359</span>
<span class="r-out co"><span class="r-pr">#&gt;</span>   AA063708 0.010152284 0.6903553 0.2994924</span>
<span class="r-out co"><span class="r-pr">#&gt;</span>   AA063710 0.010101010 0.6969697 0.2929293</span>
<span class="r-out co"><span class="r-pr">#&gt;</span>   AA063712 0.000000000 0.7040816 0.2959184</span>
<span class="r-out co"><span class="r-pr">#&gt;</span>   AA063714 0.000000000 0.7020202 0.2979798</span>
<span class="r-out co"><span class="r-pr">#&gt;</span>   AA063716 0.005025126 0.6934673 0.3015075</span>
<span class="r-out co"><span class="r-pr">#&gt;</span>   AA020735 0.000000000 0.6593886 0.3406114</span>
<span class="r-out co"><span class="r-pr">#&gt;</span>   AA032442 0.000000000 0.6623377 0.3376623</span>
<span class="r-out co"><span class="r-pr">#&gt;</span>   AA032441 0.008658009 0.6536797 0.3376623</span>
<span class="r-out co"><span class="r-pr">#&gt;</span>   AA020749 0.004273504 0.6495726 0.3461538</span>
<span class="r-out co"><span class="r-pr">#&gt;</span>   AA020746 0.004310345 0.6681034 0.3275862</span>
<span class="r-out co"><span class="r-pr">#&gt;</span>   AA020744 0.008695652 0.6565217 0.3347826</span>
<span class="r-out co"><span class="r-pr">#&gt;</span>   AA020743 0.000000000 0.6709402 0.3290598</span>
<span class="r-out co"><span class="r-pr">#&gt;</span>   AA020739 0.008771930 0.6666667 0.3245614</span>
<span class="r-out co"><span class="r-pr">#&gt;</span>   AA020738 0.000000000 0.6710526 0.3289474</span>
<span class="r-out co"><span class="r-pr">#&gt;</span>   AA001451 0.004291845 0.6480687 0.3476395</span>
<span class="r-out co"><span class="r-pr">#&gt;</span>    AA01452 0.012875536 0.6523605 0.3347639</span>
<span class="r-out co"><span class="r-pr">#&gt;</span>   AA001454 0.008695652 0.6434783 0.3478261</span>
<span class="r-out co"><span class="r-pr">#&gt;</span>   AA001455 0.004255319 0.6468085 0.3489362</span>
<span class="r-out co"><span class="r-pr">#&gt;</span>   AA001446 0.000000000 0.6536797 0.3463203</span>
<span class="r-out co"><span class="r-pr">#&gt;</span>   AA001456 0.004310345 0.6465517 0.3491379</span>
<span class="r-out co"><span class="r-pr">#&gt;</span>   AA001447 0.000000000 0.6523605 0.3476395</span>
<span class="r-out co"><span class="r-pr">#&gt;</span>   AA001448 0.000000000 0.6465517 0.3534483</span>
<span class="r-out co"><span class="r-pr">#&gt;</span>   AA001449 0.008620690 0.6422414 0.3491379</span>
<span class="r-out co"><span class="r-pr">#&gt;</span>   AA001450 0.008510638 0.6468085 0.3446809</span>
<span class="r-out co"><span class="r-pr">#&gt;</span> <span style="color: #00BB00;">Completed: gl.report.heterozygosity </span></span>
<span class="r-out co"><span class="r-pr">#&gt;</span> </span>
</code></pre></div>
    </div>
  </main><aside class="col-md-3"><nav id="toc"><h2>On this page</h2>
    </nav></aside></div>


    <footer><div class="pkgdown-footer-left">
  <p></p><p>Developed by Bernd Gruber, Arthur Georges, Jose L. Mijangos, Carlo Pacioni.</p>
</div>

<div class="pkgdown-footer-right">
  <p></p><p>Site built with <a href="https://pkgdown.r-lib.org/" class="external-link">pkgdown</a> 2.0.6.</p>
</div>

    </footer></div>

  

  

  </body></html>

